# Frequency (cm-1)	Intensity (arb. units)
0.00	0.000000e+00
1.33	1.000000e+00
2.67	2.005562e-01
4.00	7.157011e-05
5.34	7.652631e-05
6.67	5.501135e-05
8.01	3.598882e-05
9.34	2.486967e-05
10.67	1.841274e-05
12.01	1.448269e-05
13.34	1.195862e-05
14.68	1.025347e-05
16.01	9.048079e-06
17.35	8.161030e-06
18.68	7.484695e-06
20.01	6.952655e-06
21.35	6.522453e-06
22.68	6.166082e-06
24.02	5.864545e-06
25.35	5.604626e-06
26.69	5.376925e-06
28.02	5.174621e-06
29.35	4.992669e-06
30.69	4.827280e-06
32.02	4.675562e-06
33.36	4.535276e-06
34.69	4.404669e-06
36.02	4.282348e-06
37.36	4.167200e-06
38.69	4.058318e-06
40.03	3.954964e-06
41.36	3.856525e-06
42.70	3.762493e-06
44.03	3.672439e-06
45.36	3.586002e-06
46.70	3.502872e-06
48.03	3.422783e-06
49.37	3.345506e-06
50.70	3.270841e-06
52.04	3.198611e-06
53.37	3.128663e-06
54.70	3.060859e-06
56.04	2.995076e-06
57.37	2.931206e-06
58.71	2.869149e-06
60.04	2.808815e-06
61.38	2.750124e-06
62.71	2.693000e-06
64.04	2.637376e-06
65.38	2.583190e-06
66.71	2.530382e-06
68.05	2.478900e-06
69.38	2.428693e-06
70.72	2.379714e-06
72.05	2.331920e-06
73.38	2.285270e-06
74.72	2.239726e-06
76.05	2.195250e-06
77.39	2.151809e-06
78.72	2.109370e-06
80.06	2.067902e-06
81.39	2.027376e-06
82.72	1.987764e-06
84.06	1.949039e-06
85.39	1.911176e-06
86.73	1.874151e-06
88.06	1.837939e-06
89.40	1.802520e-06
90.73	1.767871e-06
92.06	1.733971e-06
93.40	1.700802e-06
94.73	1.668343e-06
96.07	1.636577e-06
97.40	1.605486e-06
98.73	1.575052e-06
100.07	1.545260e-06
101.40	1.516093e-06
102.74	1.487535e-06
104.07	1.459573e-06
105.41	1.432191e-06
106.74	1.405375e-06
108.07	1.379112e-06
109.41	1.353389e-06
110.74	1.328193e-06
112.08	1.303512e-06
113.41	1.279333e-06
114.75	1.255646e-06
116.08	1.232438e-06
117.41	1.209698e-06
118.75	1.187417e-06
120.08	1.165583e-06
121.42	1.144187e-06
122.75	1.123218e-06
124.09	1.102667e-06
125.42	1.082525e-06
126.75	1.062783e-06
128.09	1.043432e-06
129.42	1.024463e-06
130.76	1.005868e-06
132.09	9.876385e-07
133.43	9.697669e-07
134.76	9.522454e-07
136.09	9.350664e-07
137.43	9.182225e-07
138.76	9.017066e-07
140.10	8.855116e-07
141.43	8.696306e-07
142.77	8.540572e-07
144.10	8.387846e-07
145.43	8.238066e-07
146.77	8.091170e-07
148.10	7.947097e-07
149.44	7.805788e-07
150.77	7.667186e-07
152.11	7.531233e-07
153.44	7.397876e-07
154.77	7.267060e-07
156.11	7.138733e-07
157.44	7.012844e-07
158.78	6.889342e-07
160.11	6.768179e-07
161.45	6.649306e-07
162.78	6.532678e-07
164.11	6.418247e-07
165.45	6.305970e-07
166.78	6.195803e-07
168.12	6.087703e-07
169.45	5.981629e-07
170.78	5.877539e-07
172.12	5.775394e-07
173.45	5.675154e-07
174.79	5.576782e-07
176.12	5.480240e-07
177.46	5.385492e-07
178.79	5.292501e-07
180.12	5.201233e-07
181.46	5.111654e-07
182.79	5.023731e-07
184.13	4.937429e-07
185.46	4.852718e-07
186.80	4.769567e-07
188.13	4.687943e-07
189.46	4.607818e-07
190.80	4.529162e-07
192.13	4.451946e-07
193.47	4.376142e-07
194.80	4.301723e-07
196.14	4.228661e-07
197.47	4.156930e-07
198.80	4.086504e-07
200.14	4.017358e-07
201.47	3.949467e-07
202.81	3.882807e-07
204.14	3.817353e-07
205.48	3.753084e-07
206.81	3.689975e-07
208.14	3.628005e-07
209.48	3.567151e-07
210.81	3.507392e-07
212.15	3.448708e-07
213.48	3.391077e-07
214.82	3.334480e-07
216.15	3.278896e-07
217.48	3.224307e-07
218.82	3.170694e-07
220.15	3.118037e-07
221.49	3.066320e-07
222.82	3.015523e-07
224.16	2.965629e-07
225.49	2.916622e-07
226.82	2.868485e-07
228.16	2.821201e-07
229.49	2.774754e-07
230.83	2.729129e-07
232.16	2.684309e-07
233.49	2.640281e-07
234.83	2.597028e-07
236.16	2.554537e-07
237.50	2.512793e-07
238.83	2.471782e-07
240.17	2.431490e-07
241.50	2.391905e-07
242.83	2.353012e-07
244.17	2.314800e-07
245.50	2.277255e-07
246.84	2.240365e-07
248.17	2.204117e-07
249.51	2.168501e-07
250.84	2.133504e-07
252.17	2.099114e-07
253.51	2.065321e-07
254.84	2.032114e-07
256.18	1.999482e-07
257.51	1.967413e-07
258.85	1.935899e-07
260.18	1.904928e-07
261.51	1.874490e-07
262.85	1.844577e-07
264.18	1.815177e-07
265.52	1.786283e-07
266.85	1.757884e-07
268.19	1.729972e-07
269.52	1.702537e-07
270.85	1.675572e-07
272.19	1.649067e-07
273.52	1.623014e-07
274.86	1.597405e-07
276.19	1.572231e-07
277.53	1.547486e-07
278.86	1.523161e-07
280.19	1.499248e-07
281.53	1.475741e-07
282.86	1.452631e-07
284.20	1.429912e-07
285.53	1.407576e-07
286.87	1.385618e-07
288.20	1.364029e-07
289.53	1.342803e-07
290.87	1.321934e-07
292.20	1.301416e-07
293.54	1.281242e-07
294.87	1.261405e-07
296.20	1.241901e-07
297.54	1.222722e-07
298.87	1.203864e-07
300.21	1.185320e-07
301.54	1.167085e-07
302.88	1.149153e-07
304.21	1.131520e-07
305.54	1.114179e-07
306.88	1.097125e-07
308.21	1.080355e-07
309.55	1.063861e-07
310.88	1.047640e-07
312.22	1.031687e-07
313.55	1.015996e-07
314.88	1.000565e-07
316.22	9.853865e-08
317.55	9.704578e-08
318.89	9.557741e-08
320.22	9.413311e-08
321.56	9.271246e-08
322.89	9.131503e-08
324.22	8.994044e-08
325.56	8.858827e-08
326.89	8.725815e-08
328.23	8.594967e-08
329.56	8.466247e-08
330.90	8.339617e-08
332.23	8.215042e-08
333.56	8.092485e-08
334.90	7.971912e-08
336.23	7.853288e-08
337.57	7.736579e-08
338.90	7.621753e-08
340.24	7.508777e-08
341.57	7.397618e-08
342.90	7.288246e-08
344.24	7.180630e-08
345.57	7.074739e-08
346.91	6.970545e-08
348.24	6.868017e-08
349.58	6.767127e-08
350.91	6.667848e-08
352.24	6.570152e-08
353.58	6.474011e-08
354.91	6.379399e-08
356.25	6.286290e-08
357.58	6.194658e-08
358.91	6.104479e-08
360.25	6.015727e-08
361.58	5.928378e-08
362.92	5.842409e-08
364.25	5.757796e-08
365.59	5.674516e-08
366.92	5.592547e-08
368.25	5.511866e-08
369.59	5.432452e-08
370.92	5.354283e-08
372.26	5.277339e-08
373.59	5.201598e-08
374.93	5.127041e-08
376.26	5.053648e-08
377.59	4.981398e-08
378.93	4.910274e-08
380.26	4.840256e-08
381.60	4.771325e-08
382.93	4.703465e-08
384.27	4.636655e-08
385.60	4.570880e-08
386.93	4.506122e-08
388.27	4.442364e-08
389.60	4.379590e-08
390.94	4.317782e-08
392.27	4.256926e-08
393.61	4.197005e-08
394.94	4.138003e-08
396.27	4.079907e-08
397.61	4.022700e-08
398.94	3.966369e-08
400.28	3.910898e-08
401.61	3.856273e-08
402.95	3.802481e-08
404.28	3.749509e-08
405.61	3.697341e-08
406.95	3.645966e-08
408.28	3.595371e-08
409.62	3.545542e-08
410.95	3.496467e-08
412.29	3.448135e-08
413.62	3.400531e-08
414.95	3.353646e-08
416.29	3.307467e-08
417.62	3.261983e-08
418.96	3.217182e-08
420.29	3.173054e-08
421.63	3.129587e-08
422.96	3.086772e-08
424.29	3.044596e-08
425.63	3.003051e-08
426.96	2.962125e-08
428.30	2.921809e-08
429.63	2.882094e-08
430.96	2.842969e-08
432.30	2.804425e-08
433.63	2.766453e-08
434.97	2.729043e-08
436.30	2.692187e-08
437.64	2.655875e-08
438.97	2.620100e-08
440.30	2.584852e-08
441.64	2.550123e-08
442.97	2.515905e-08
444.31	2.482190e-08
445.64	2.448970e-08
446.98	2.416236e-08
448.31	2.383982e-08
449.64	2.352199e-08
450.98	2.320881e-08
452.31	2.290020e-08
453.65	2.259608e-08
454.98	2.229639e-08
456.32	2.200105e-08
457.65	2.171001e-08
458.98	2.142318e-08
460.32	2.114051e-08
461.65	2.086193e-08
462.99	2.058737e-08
464.32	2.031678e-08
465.66	2.005009e-08
466.99	1.978724e-08
468.32	1.952817e-08
469.66	1.927283e-08
470.99	1.902115e-08
472.33	1.877307e-08
473.66	1.852855e-08
475.00	1.828752e-08
476.33	1.804993e-08
477.66	1.781574e-08
479.00	1.758488e-08
480.33	1.735731e-08
481.67	1.713297e-08
483.00	1.691182e-08
484.34	1.669380e-08
485.67	1.647887e-08
487.00	1.626699e-08
488.34	1.605810e-08
489.67	1.585215e-08
491.01	1.564911e-08
492.34	1.544893e-08
493.67	1.525157e-08
495.01	1.505698e-08
496.34	1.486512e-08
497.68	1.467595e-08
499.01	1.448943e-08
500.35	1.430551e-08
501.68	1.412417e-08
503.01	1.394535e-08
504.35	1.376903e-08
505.68	1.359516e-08
507.02	1.342371e-08
508.35	1.325464e-08
509.69	1.308792e-08
511.02	1.292351e-08
512.35	1.276137e-08
513.69	1.260147e-08
515.02	1.244378e-08
516.36	1.228827e-08
517.69	1.213489e-08
519.03	1.198363e-08
520.36	1.183445e-08
521.69	1.168731e-08
523.03	1.154219e-08
524.36	1.139906e-08
525.70	1.125789e-08
527.03	1.111865e-08
528.37	1.098130e-08
529.70	1.084583e-08
531.03	1.071221e-08
532.37	1.058040e-08
533.70	1.045038e-08
535.04	1.032213e-08
536.37	1.019561e-08
537.71	1.007081e-08
539.04	9.947695e-09
540.37	9.826243e-09
541.71	9.706430e-09
543.04	9.588232e-09
544.38	9.471625e-09
545.71	9.356586e-09
547.05	9.243092e-09
548.38	9.131120e-09
549.71	9.020649e-09
551.05	8.911656e-09
552.38	8.804121e-09
553.72	8.698021e-09
555.05	8.593337e-09
556.38	8.490047e-09
557.72	8.388132e-09
559.05	8.287572e-09
560.39	8.188347e-09
561.72	8.090438e-09
563.06	7.993826e-09
564.39	7.898492e-09
565.72	7.804418e-09
567.06	7.711587e-09
568.39	7.619979e-09
569.73	7.529578e-09
571.06	7.440367e-09
572.40	7.352327e-09
573.73	7.265444e-09
575.06	7.179700e-09
576.40	7.095079e-09
577.73	7.011565e-09
579.07	6.929142e-09
580.40	6.847795e-09
581.74	6.767508e-09
583.07	6.688267e-09
584.40	6.610057e-09
585.74	6.532864e-09
587.07	6.456672e-09
588.41	6.381467e-09
589.74	6.307237e-09
591.08	6.233967e-09
592.41	6.161643e-09
593.74	6.090253e-09
595.08	6.019783e-09
596.41	5.950220e-09
597.75	5.881552e-09
599.08	5.813766e-09
600.42	5.746850e-09
601.75	5.680792e-09
603.08	5.615580e-09
604.42	5.551201e-09
605.75	5.487645e-09
607.09	5.424900e-09
608.42	5.362955e-09
609.76	5.301798e-09
611.09	5.241419e-09
612.42	5.181807e-09
613.76	5.122951e-09
615.09	5.064842e-09
616.43	5.007467e-09
617.76	4.950819e-09
619.09	4.894886e-09
620.43	4.839658e-09
621.76	4.785127e-09
623.10	4.731282e-09
624.43	4.678114e-09
625.77	4.625613e-09
627.10	4.573772e-09
628.43	4.522580e-09
629.77	4.472029e-09
631.10	4.422109e-09
632.44	4.372814e-09
633.77	4.324133e-09
635.11	4.276059e-09
636.44	4.228583e-09
637.77	4.181697e-09
639.11	4.135394e-09
640.44	4.089665e-09
641.78	4.044503e-09
643.11	3.999899e-09
644.45	3.955847e-09
645.78	3.912339e-09
647.11	3.869368e-09
648.45	3.826926e-09
649.78	3.785006e-09
651.12	3.743602e-09
652.45	3.702706e-09
653.79	3.662311e-09
655.12	3.622412e-09
656.45	3.583001e-09
657.79	3.544071e-09
659.12	3.505617e-09
660.46	3.467632e-09
661.79	3.430110e-09
663.13	3.393044e-09
664.46	3.356428e-09
665.79	3.320258e-09
667.13	3.284525e-09
668.46	3.249226e-09
669.80	3.214354e-09
671.13	3.179903e-09
672.47	3.145868e-09
673.80	3.112244e-09
675.13	3.079024e-09
676.47	3.046204e-09
677.80	3.013779e-09
679.14	2.981743e-09
680.47	2.950091e-09
681.81	2.918818e-09
683.14	2.887919e-09
684.47	2.857389e-09
685.81	2.827224e-09
687.14	2.797418e-09
688.48	2.767968e-09
689.81	2.738867e-09
691.14	2.710113e-09
692.48	2.681700e-09
693.81	2.653623e-09
695.15	2.625879e-09
696.48	2.598463e-09
697.82	2.571371e-09
699.15	2.544599e-09
700.48	2.518142e-09
701.82	2.491997e-09
703.15	2.466159e-09
704.49	2.440625e-09
705.82	2.415390e-09
707.16	2.390451e-09
708.49	2.365804e-09
709.82	2.341445e-09
711.16	2.317371e-09
712.49	2.293578e-09
713.83	2.270062e-09
715.16	2.246819e-09
716.50	2.223847e-09
717.83	2.201142e-09
719.16	2.178700e-09
720.50	2.156518e-09
721.83	2.134592e-09
723.17	2.112920e-09
724.50	2.091499e-09
725.84	2.070324e-09
727.17	2.049394e-09
728.50	2.028704e-09
729.84	2.008252e-09
731.17	1.988034e-09
732.51	1.968049e-09
733.84	1.948293e-09
735.18	1.928762e-09
736.51	1.909455e-09
737.84	1.890368e-09
739.18	1.871499e-09
740.51	1.852844e-09
741.85	1.834402e-09
743.18	1.816169e-09
744.52	1.798143e-09
745.85	1.780322e-09
747.18	1.762702e-09
748.52	1.745281e-09
749.85	1.728058e-09
751.19	1.711028e-09
752.52	1.694191e-09
753.85	1.677543e-09
755.19	1.661082e-09
756.52	1.644806e-09
757.86	1.628713e-09
759.19	1.612799e-09
760.53	1.597064e-09
761.86	1.581505e-09
763.19	1.566120e-09
764.53	1.550906e-09
765.86	1.535861e-09
767.20	1.520984e-09
768.53	1.506273e-09
769.87	1.491724e-09
771.20	1.477337e-09
772.53	1.463109e-09
773.87	1.449039e-09
775.20	1.435123e-09
776.54	1.421362e-09
777.87	1.407752e-09
779.21	1.394292e-09
780.54	1.380980e-09
781.87	1.367814e-09
783.21	1.354792e-09
784.54	1.341914e-09
785.88	1.329176e-09
787.21	1.316577e-09
788.55	1.304116e-09
789.88	1.291791e-09
791.21	1.279600e-09
792.55	1.267541e-09
793.88	1.255614e-09
795.22	1.243816e-09
796.55	1.232146e-09
797.89	1.220602e-09
799.22	1.209183e-09
800.55	1.197888e-09
801.89	1.186714e-09
803.22	1.175661e-09
804.56	1.164726e-09
805.89	1.153909e-09
807.23	1.143209e-09
808.56	1.132623e-09
809.89	1.122150e-09
811.23	1.111790e-09
812.56	1.101540e-09
813.90	1.091399e-09
815.23	1.081367e-09
816.56	1.071441e-09
817.90	1.061621e-09
819.23	1.051906e-09
820.57	1.042293e-09
821.90	1.032782e-09
823.24	1.023372e-09
824.57	1.014061e-09
825.90	1.004849e-09
827.24	9.957334e-10
828.57	9.867142e-10
829.91	9.777897e-10
831.24	9.689590e-10
832.58	9.602210e-10
833.91	9.515746e-10
835.24	9.430186e-10
836.58	9.345522e-10
837.91	9.261741e-10
839.25	9.178834e-10
840.58	9.096790e-10
841.92	9.015600e-10
843.25	8.935254e-10
844.58	8.855741e-10
845.92	8.777053e-10
847.25	8.699179e-10
848.59	8.622111e-10
849.92	8.545839e-10
851.26	8.470353e-10
852.59	8.395645e-10
853.92	8.321705e-10
855.26	8.248526e-10
856.59	8.176097e-10
857.93	8.104411e-10
859.26	8.033459e-10
860.60	7.963233e-10
861.93	7.893724e-10
863.26	7.824924e-10
864.60	7.756825e-10
865.93	7.689419e-10
867.27	7.622698e-10
868.60	7.556654e-10
869.94	7.491280e-10
871.27	7.426567e-10
872.60	7.362509e-10
873.94	7.299099e-10
875.27	7.236327e-10
876.61	7.174189e-10
877.94	7.112675e-10
879.27	7.051780e-10
880.61	6.991496e-10
881.94	6.931816e-10
883.28	6.872734e-10
884.61	6.814243e-10
885.95	6.756335e-10
887.28	6.699006e-10
888.61	6.642248e-10
889.95	6.586054e-10
891.28	6.530419e-10
892.62	6.475336e-10
893.95	6.420799e-10
895.29	6.366802e-10
896.62	6.313339e-10
897.95	6.260403e-10
899.29	6.207990e-10
900.62	6.156094e-10
901.96	6.104707e-10
903.29	6.053826e-10
904.63	6.003444e-10
905.96	5.953556e-10
907.29	5.904156e-10
908.63	5.855239e-10
909.96	5.806800e-10
911.30	5.758833e-10
912.63	5.711333e-10
913.97	5.664295e-10
915.30	5.617714e-10
916.63	5.571585e-10
917.97	5.525903e-10
919.30	5.480663e-10
920.64	5.435861e-10
921.97	5.391491e-10
923.31	5.347548e-10
924.64	5.304029e-10
925.97	5.260928e-10
927.31	5.218241e-10
928.64	5.175963e-10
929.98	5.134091e-10
931.31	5.092619e-10
932.65	5.051543e-10
933.98	5.010860e-10
935.31	4.970564e-10
936.65	4.930651e-10
937.98	4.891118e-10
939.32	4.851960e-10
940.65	4.813174e-10
941.99	4.774755e-10
943.32	4.736699e-10
944.65	4.699003e-10
945.99	4.661662e-10
947.32	4.624673e-10
948.66	4.588032e-10
949.99	4.551735e-10
951.32	4.515779e-10
952.66	4.480160e-10
953.99	4.444874e-10
955.33	4.409918e-10
956.66	4.375289e-10
958.00	4.340982e-10
959.33	4.306995e-10
960.66	4.273324e-10
962.00	4.239966e-10
963.33	4.206917e-10
964.67	4.174174e-10
966.00	4.141734e-10
967.34	4.109594e-10
968.67	4.077751e-10
970.00	4.046201e-10
971.34	4.014941e-10
972.67	3.983969e-10
974.01	3.953281e-10
975.34	3.922874e-10
976.68	3.892746e-10
978.01	3.862894e-10
979.34	3.833314e-10
980.68	3.804003e-10
982.01	3.774960e-10
983.35	3.746181e-10
984.68	3.717663e-10
986.02	3.689405e-10
987.35	3.661402e-10
988.68	3.633652e-10
990.02	3.606154e-10
991.35	3.578904e-10
992.69	3.551899e-10
994.02	3.525137e-10
995.36	3.498616e-10
996.69	3.472333e-10
998.02	3.446286e-10
999.36	3.420472e-10
1000.69	3.394889e-10
1002.03	3.369535e-10
1003.36	3.344406e-10
1004.70	3.319502e-10
1006.03	3.294819e-10
1007.36	3.270355e-10
1008.70	3.246109e-10
1010.03	3.222077e-10
1011.37	3.198258e-10
1012.70	3.174650e-10
1014.03	3.151250e-10
1015.37	3.128056e-10
1016.70	3.105067e-10
1018.04	3.082279e-10
1019.37	3.059692e-10
1020.71	3.037303e-10
1022.04	3.015110e-10
1023.37	2.993111e-10
1024.71	2.971304e-10
1026.04	2.949687e-10
1027.38	2.928259e-10
1028.71	2.907017e-10
1030.05	2.885960e-10
1031.38	2.865085e-10
1032.71	2.844392e-10
1034.05	2.823877e-10
1035.38	2.803540e-10
1036.72	2.783378e-10
1038.05	2.763391e-10
1039.39	2.743575e-10
1040.72	2.723929e-10
1042.05	2.704453e-10
1043.39	2.685143e-10
1044.72	2.665999e-10
1046.06	2.647018e-10
1047.39	2.628200e-10
1048.73	2.609542e-10
1050.06	2.591043e-10
1051.39	2.572701e-10
1052.73	2.554516e-10
1054.06	2.536484e-10
1055.40	2.518606e-10
1056.73	2.500878e-10
1058.07	2.483301e-10
1059.40	2.465872e-10
1060.73	2.448590e-10
1062.07	2.431453e-10
1063.40	2.414460e-10
1064.74	2.397611e-10
1066.07	2.380902e-10
1067.41	2.364333e-10
1068.74	2.347903e-10
1070.07	2.331610e-10
1071.41	2.315453e-10
1072.74	2.299431e-10
1074.08	2.283542e-10
1075.41	2.267785e-10
1076.74	2.252158e-10
1078.08	2.236661e-10
1079.41	2.221293e-10
1080.75	2.206051e-10
1082.08	2.190935e-10
1083.42	2.175944e-10
1084.75	2.161076e-10
1086.08	2.146331e-10
1087.42	2.131706e-10
1088.75	2.117202e-10
1090.09	2.102816e-10
1091.42	2.088548e-10
1092.76	2.074396e-10
1094.09	2.060360e-10
1095.42	2.046438e-10
1096.76	2.032629e-10
1098.09	2.018933e-10
1099.43	2.005347e-10
1100.76	1.991872e-10
1102.10	1.978506e-10
1103.43	1.965248e-10
1104.76	1.952096e-10
1106.10	1.939051e-10
1107.43	1.926111e-10
1108.77	1.913275e-10
1110.10	1.900542e-10
1111.44	1.887911e-10
1112.77	1.875381e-10
1114.10	1.862951e-10
1115.44	1.850620e-10
1116.77	1.838388e-10
1118.11	1.826254e-10
1119.44	1.814216e-10
1120.78	1.802273e-10
1122.11	1.790425e-10
1123.44	1.778672e-10
1124.78	1.767011e-10
1126.11	1.755442e-10
1127.45	1.743965e-10
1128.78	1.732578e-10
1130.12	1.721280e-10
1131.45	1.710072e-10
1132.78	1.698951e-10
1134.12	1.687918e-10
1135.45	1.676971e-10
1136.79	1.666110e-10
1138.12	1.655333e-10
1139.45	1.644641e-10
1140.79	1.634032e-10
1142.12	1.623505e-10
1143.46	1.613060e-10
1144.79	1.602697e-10
1146.13	1.592413e-10
1147.46	1.582209e-10
1148.79	1.572084e-10
1150.13	1.562037e-10
1151.46	1.552068e-10
1152.80	1.542175e-10
1154.13	1.532359e-10
1155.47	1.522617e-10
1156.80	1.512951e-10
1158.13	1.503358e-10
1159.47	1.493839e-10
1160.80	1.484393e-10
1162.14	1.475019e-10
1163.47	1.465716e-10
1164.81	1.456483e-10
1166.14	1.447321e-10
1167.47	1.438229e-10
1168.81	1.429205e-10
1170.14	1.420250e-10
1171.48	1.411363e-10
1172.81	1.402542e-10
1174.15	1.393788e-10
1175.48	1.385100e-10
1176.81	1.376478e-10
1178.15	1.367920e-10
1179.48	1.359426e-10
1180.82	1.350996e-10
1182.15	1.342629e-10
1183.49	1.334324e-10
1184.82	1.326082e-10
1186.15	1.317901e-10
1187.49	1.309780e-10
1188.82	1.301721e-10
1190.16	1.293721e-10
1191.49	1.285780e-10
1192.83	1.277898e-10
1194.16	1.270074e-10
1195.49	1.262309e-10
1196.83	1.254600e-10
1198.16	1.246948e-10
1199.50	1.239353e-10
1200.83	1.231813e-10
1202.16	1.224329e-10
1203.50	1.216900e-10
1204.83	1.209525e-10
1206.17	1.202203e-10
1207.50	1.194936e-10
1208.84	1.187721e-10
1210.17	1.180559e-10
1211.50	1.173449e-10
1212.84	1.166390e-10
1214.17	1.159383e-10
1215.51	1.152427e-10
1216.84	1.145521e-10
1218.18	1.138665e-10
1219.51	1.131858e-10
1220.84	1.125100e-10
1222.18	1.118391e-10
1223.51	1.111731e-10
1224.85	1.105118e-10
1226.18	1.098552e-10
1227.52	1.092034e-10
1228.85	1.085562e-10
1230.18	1.079136e-10
1231.52	1.072757e-10
1232.85	1.066423e-10
1234.19	1.060133e-10
1235.52	1.053889e-10
1236.86	1.047689e-10
1238.19	1.041533e-10
1239.52	1.035420e-10
1240.86	1.029351e-10
1242.19	1.023325e-10
1243.53	1.017341e-10
1244.86	1.011399e-10
1246.20	1.005499e-10
1247.53	9.996406e-11
1248.86	9.938233e-11
1250.20	9.880468e-11
1251.53	9.823107e-11
1252.87	9.766148e-11
1254.20	9.709586e-11
1255.54	9.653419e-11
1256.87	9.597644e-11
1258.20	9.542256e-11
1259.54	9.487254e-11
1260.87	9.432634e-11
1262.21	9.378392e-11
1263.54	9.324526e-11
1264.88	9.271032e-11
1266.21	9.217908e-11
1267.54	9.165150e-11
1268.88	9.112756e-11
1270.21	9.060723e-11
1271.55	9.009047e-11
1272.88	8.957726e-11
1274.21	8.906757e-11
1275.55	8.856137e-11
1276.88	8.805863e-11
1278.22	8.755932e-11
1279.55	8.706343e-11
1280.89	8.657091e-11
1282.22	8.608174e-11
1283.55	8.559590e-11
1284.89	8.511336e-11
1286.22	8.463409e-11
1287.56	8.415807e-11
1288.89	8.368526e-11
1290.23	8.321566e-11
1291.56	8.274922e-11
1292.89	8.228592e-11
1294.23	8.182575e-11
1295.56	8.136866e-11
1296.90	8.091465e-11
1298.23	8.046368e-11
1299.57	8.001574e-11
1300.90	7.957079e-11
1302.23	7.912881e-11
1303.57	7.868979e-11
1304.90	7.825369e-11
1306.24	7.782049e-11
1307.57	7.739018e-11
1308.91	7.696273e-11
1310.24	7.653811e-11
1311.57	7.611630e-11
1312.91	7.569729e-11
1314.24	7.528105e-11
1315.58	7.486755e-11
1316.91	7.445679e-11
1318.25	7.404873e-11
1319.58	7.364335e-11
1320.91	7.324064e-11
1322.25	7.284057e-11
1323.58	7.244312e-11
1324.92	7.204828e-11
1326.25	7.165602e-11
1327.59	7.126632e-11
1328.92	7.087916e-11
1330.25	7.049453e-11
1331.59	7.011240e-11
1332.92	6.973275e-11
1334.26	6.935558e-11
1335.59	6.898084e-11
1336.92	6.860854e-11
1338.26	6.823864e-11
1339.59	6.787114e-11
1340.93	6.750600e-11
1342.26	6.714323e-11
1343.60	6.678278e-11
1344.93	6.642466e-11
1346.26	6.606884e-11
1347.60	6.571530e-11
1348.93	6.536403e-11
1350.27	6.501501e-11
1351.60	6.466822e-11
1352.94	6.432364e-11
1354.27	6.398127e-11
1355.60	6.364107e-11
1356.94	6.330304e-11
1358.27	6.296716e-11
1359.61	6.263342e-11
1360.94	6.230179e-11
1362.28	6.197226e-11
1363.61	6.164482e-11
1364.94	6.131945e-11
1366.28	6.099613e-11
1367.61	6.067485e-11
1368.95	6.035560e-11
1370.28	6.003835e-11
1371.62	5.972310e-11
1372.95	5.940983e-11
1374.28	5.909852e-11
1375.62	5.878916e-11
1376.95	5.848174e-11
1378.29	5.817624e-11
1379.62	5.787265e-11
1380.96	5.757095e-11
1382.29	5.727113e-11
1383.62	5.697317e-11
1384.96	5.667706e-11
1386.29	5.638280e-11
1387.63	5.609036e-11
1388.96	5.579972e-11
1390.30	5.551089e-11
1391.63	5.522384e-11
1392.96	5.493856e-11
1394.30	5.465505e-11
1395.63	5.437327e-11
1396.97	5.409323e-11
1398.30	5.381492e-11
1399.63	5.353831e-11
1400.97	5.326339e-11
1402.30	5.299016e-11
1403.64	5.271860e-11
1404.97	5.244870e-11
1406.31	5.218045e-11
1407.64	5.191383e-11
1408.97	5.164883e-11
1410.31	5.138545e-11
1411.64	5.112367e-11
1412.98	5.086348e-11
1414.31	5.060486e-11
1415.65	5.034781e-11
1416.98	5.009232e-11
1418.31	4.983836e-11
1419.65	4.958595e-11
1420.98	4.933505e-11
1422.32	4.908566e-11
1423.65	4.883778e-11
1424.99	4.859138e-11
1426.32	4.834647e-11
1427.65	4.810302e-11
1428.99	4.786103e-11
1430.32	4.762049e-11
1431.66	4.738138e-11
1432.99	4.714371e-11
1434.33	4.690745e-11
1435.66	4.667260e-11
1436.99	4.643914e-11
1438.33	4.620707e-11
1439.66	4.597639e-11
1441.00	4.574706e-11
1442.33	4.551910e-11
1443.67	4.529249e-11
1445.00	4.506722e-11
1446.33	4.484327e-11
1447.67	4.462065e-11
1449.00	4.439934e-11
1450.34	4.417933e-11
1451.67	4.396062e-11
1453.01	4.374319e-11
1454.34	4.352704e-11
1455.67	4.331215e-11
1457.01	4.309853e-11
1458.34	4.288615e-11
1459.68	4.267501e-11
1461.01	4.246510e-11
1462.34	4.225642e-11
1463.68	4.204896e-11
1465.01	4.184270e-11
1466.35	4.163764e-11
1467.68	4.143377e-11
1469.02	4.123108e-11
1470.35	4.102957e-11
1471.68	4.082922e-11
1473.02	4.063003e-11
1474.35	4.043199e-11
1475.69	4.023510e-11
1477.02	4.003934e-11
1478.36	3.984470e-11
1479.69	3.965119e-11
1481.02	3.945878e-11
1482.36	3.926748e-11
1483.69	3.907728e-11
1485.03	3.888817e-11
1486.36	3.870014e-11
1487.70	3.851318e-11
1489.03	3.832729e-11
1490.36	3.814246e-11
1491.70	3.795868e-11
1493.03	3.777595e-11
1494.37	3.759426e-11
1495.70	3.741360e-11
1497.04	3.723397e-11
1498.37	3.705535e-11
1499.70	3.687775e-11
1501.04	3.670115e-11
1502.37	3.652555e-11
1503.71	3.635093e-11
1505.04	3.617731e-11
1506.38	3.600466e-11
1507.71	3.583298e-11
1509.04	3.566227e-11
1510.38	3.549252e-11
1511.71	3.532372e-11
1513.05	3.515586e-11
1514.38	3.498895e-11
1515.72	3.482296e-11
1517.05	3.465791e-11
1518.38	3.449378e-11
1519.72	3.433056e-11
1521.05	3.416825e-11
1522.39	3.400685e-11
1523.72	3.384634e-11
1525.06	3.368672e-11
1526.39	3.352799e-11
1527.72	3.337014e-11
1529.06	3.321317e-11
1530.39	3.305706e-11
1531.73	3.290181e-11
1533.06	3.274742e-11
1534.39	3.259389e-11
1535.73	3.244119e-11
1537.06	3.228934e-11
1538.40	3.213833e-11
1539.73	3.198814e-11
1541.07	3.183878e-11
1542.40	3.169024e-11
1543.73	3.154251e-11
1545.07	3.139558e-11
1546.40	3.124947e-11
1547.74	3.110415e-11
1549.07	3.095962e-11
1550.41	3.081588e-11
1551.74	3.067292e-11
1553.07	3.053074e-11
1554.41	3.038933e-11
1555.74	3.024870e-11
1557.08	3.010882e-11
1558.41	2.996970e-11
1559.75	2.983133e-11
1561.08	2.969372e-11
1562.41	2.955684e-11
1563.75	2.942071e-11
1565.08	2.928531e-11
1566.42	2.915063e-11
1567.75	2.901669e-11
1569.09	2.888346e-11
1570.42	2.875095e-11
1571.75	2.861915e-11
1573.09	2.848805e-11
1574.42	2.835766e-11
1575.76	2.822797e-11
1577.09	2.809897e-11
1578.43	2.797066e-11
1579.76	2.784303e-11
1581.09	2.771608e-11
1582.43	2.758981e-11
1583.76	2.746421e-11
1585.10	2.733928e-11
1586.43	2.721501e-11
1587.77	2.709140e-11
1589.10	2.696845e-11
1590.43	2.684614e-11
1591.77	2.672449e-11
1593.10	2.660347e-11
1594.44	2.648310e-11
1595.77	2.636336e-11
1597.10	2.624425e-11
1598.44	2.612577e-11
1599.77	2.600791e-11
1601.11	2.589067e-11
1602.44	2.577405e-11
1603.78	2.565804e-11
1605.11	2.554264e-11
1606.44	2.542784e-11
1607.78	2.531364e-11
1609.11	2.520003e-11
1610.45	2.508703e-11
1611.78	2.497461e-11
1613.12	2.486277e-11
1614.45	2.475152e-11
1615.78	2.464085e-11
1617.12	2.453075e-11
1618.45	2.442122e-11
1619.79	2.431226e-11
1621.12	2.420387e-11
1622.46	2.409604e-11
1623.79	2.398876e-11
1625.12	2.388204e-11
1626.46	2.377587e-11
1627.79	2.367025e-11
1629.13	2.356518e-11
1630.46	2.346064e-11
1631.80	2.335664e-11
1633.13	2.325318e-11
1634.46	2.315025e-11
1635.80	2.304784e-11
1637.13	2.294596e-11
1638.47	2.284460e-11
1639.80	2.274376e-11
1641.14	2.264344e-11
1642.47	2.254363e-11
1643.80	2.244433e-11
1645.14	2.234553e-11
1646.47	2.224724e-11
1647.81	2.214945e-11
1649.14	2.205215e-11
1650.48	2.195535e-11
1651.81	2.185904e-11
1653.14	2.176322e-11
1654.48	2.166788e-11
1655.81	2.157303e-11
1657.15	2.147865e-11
1658.48	2.138476e-11
1659.81	2.129133e-11
1661.15	2.119838e-11
1662.48	2.110590e-11
1663.82	2.101388e-11
1665.15	2.092233e-11
1666.49	2.083123e-11
1667.82	2.074059e-11
1669.15	2.065041e-11
1670.49	2.056068e-11
1671.82	2.047140e-11
1673.16	2.038256e-11
1674.49	2.029417e-11
1675.83	2.020622e-11
1677.16	2.011871e-11
1678.49	2.003164e-11
1679.83	1.994500e-11
1681.16	1.985879e-11
1682.50	1.977301e-11
1683.83	1.968766e-11
1685.17	1.960272e-11
1686.50	1.951822e-11
1687.83	1.943413e-11
1689.17	1.935045e-11
1690.50	1.926719e-11
1691.84	1.918434e-11
1693.17	1.910190e-11
1694.51	1.901987e-11
1695.84	1.893824e-11
1697.17	1.885702e-11
1698.51	1.877619e-11
1699.84	1.869576e-11
1701.18	1.861573e-11
1702.51	1.853609e-11
1703.85	1.845683e-11
1705.18	1.837797e-11
1706.51	1.829950e-11
1707.85	1.822140e-11
1709.18	1.814369e-11
1710.52	1.806636e-11
1711.85	1.798941e-11
1713.19	1.791283e-11
1714.52	1.783663e-11
1715.85	1.776079e-11
1717.19	1.768532e-11
1718.52	1.761023e-11
1719.86	1.753549e-11
1721.19	1.746112e-11
1722.52	1.738711e-11
1723.86	1.731345e-11
1725.19	1.724016e-11
1726.53	1.716721e-11
1727.86	1.709462e-11
1729.20	1.702238e-11
1730.53	1.695049e-11
1731.86	1.687895e-11
1733.20	1.680775e-11
1734.53	1.673689e-11
1735.87	1.666637e-11
1737.20	1.659619e-11
1738.54	1.652635e-11
1739.87	1.645684e-11
1741.20	1.638767e-11
1742.54	1.631882e-11
1743.87	1.625031e-11
1745.21	1.618212e-11
1746.54	1.611426e-11
1747.88	1.604672e-11
1749.21	1.597951e-11
1750.54	1.591261e-11
1751.88	1.584603e-11
1753.21	1.577977e-11
1754.55	1.571383e-11
1755.88	1.564819e-11
1757.22	1.558287e-11
1758.55	1.551786e-11
1759.88	1.545315e-11
1761.22	1.538875e-11
1762.55	1.532466e-11
1763.89	1.526087e-11
1765.22	1.519738e-11
1766.56	1.513419e-11
1767.89	1.507129e-11
1769.22	1.500870e-11
1770.56	1.494639e-11
1771.89	1.488438e-11
1773.23	1.482267e-11
1774.56	1.476124e-11
1775.90	1.470010e-11
1777.23	1.463924e-11
1778.56	1.457867e-11
1779.90	1.451839e-11
1781.23	1.445838e-11
1782.57	1.439866e-11
1783.90	1.433921e-11
1785.24	1.428004e-11
1786.57	1.422115e-11
1787.90	1.416253e-11
1789.24	1.410419e-11
1790.57	1.404611e-11
1791.91	1.398831e-11
1793.24	1.393077e-11
1794.57	1.387350e-11
1795.91	1.381649e-11
1797.24	1.375975e-11
1798.58	1.370328e-11
1799.91	1.364706e-11
1801.25	1.359110e-11
1802.58	1.353540e-11
1803.91	1.347996e-11
1805.25	1.342477e-11
1806.58	1.336984e-11
1807.92	1.331516e-11
1809.25	1.326073e-11
1810.59	1.320655e-11
1811.92	1.315262e-11
1813.25	1.309893e-11
1814.59	1.304550e-11
1815.92	1.299230e-11
1817.26	1.293935e-11
1818.59	1.288665e-11
1819.93	1.283418e-11
1821.26	1.278195e-11
1822.59	1.272996e-11
1823.93	1.267821e-11
1825.26	1.262670e-11
1826.60	1.257541e-11
1827.93	1.252437e-11
1829.27	1.247355e-11
1830.60	1.242296e-11
1831.93	1.237261e-11
1833.27	1.232248e-11
1834.60	1.227258e-11
1835.94	1.222290e-11
1837.27	1.217345e-11
1838.61	1.212422e-11
1839.94	1.207522e-11
1841.27	1.202643e-11
1842.61	1.197787e-11
1843.94	1.192952e-11
1845.28	1.188139e-11
1846.61	1.183348e-11
1847.95	1.178578e-11
1849.28	1.173830e-11
1850.61	1.169103e-11
1851.95	1.164398e-11
1853.28	1.159713e-11
1854.62	1.155049e-11
1855.95	1.150407e-11
1857.28	1.145785e-11
1858.62	1.141183e-11
1859.95	1.136602e-11
1861.29	1.132042e-11
1862.62	1.127502e-11
1863.96	1.122982e-11
1865.29	1.118482e-11
1866.62	1.114002e-11
1867.96	1.109542e-11
1869.29	1.105102e-11
1870.63	1.100682e-11
1871.96	1.096281e-11
1873.30	1.091900e-11
1874.63	1.087538e-11
1875.96	1.083196e-11
1877.30	1.078872e-11
1878.63	1.074568e-11
1879.97	1.070283e-11
1881.30	1.066016e-11
1882.64	1.061769e-11
1883.97	1.057540e-11
1885.30	1.053330e-11
1886.64	1.049138e-11
1887.97	1.044964e-11
1889.31	1.040809e-11
1890.64	1.036673e-11
1891.98	1.032554e-11
1893.31	1.028453e-11
1894.64	1.024371e-11
1895.98	1.020306e-11
1897.31	1.016259e-11
1898.65	1.012229e-11
1899.98	1.008218e-11
1901.32	1.004223e-11
1902.65	1.000247e-11
1903.98	9.962870e-12
1905.32	9.923447e-12
1906.65	9.884195e-12
1907.99	9.845114e-12
1909.32	9.806203e-12
1910.66	9.767460e-12
1911.99	9.728886e-12
1913.32	9.690478e-12
1914.66	9.652237e-12
1915.99	9.614161e-12
1917.33	9.576250e-12
1918.66	9.538503e-12
1919.99	9.500919e-12
1921.33	9.463496e-12
1922.66	9.426235e-12
1924.00	9.389135e-12
1925.33	9.352194e-12
1926.67	9.315413e-12
1928.00	9.278789e-12
1929.33	9.242323e-12
1930.67	9.206013e-12
1932.00	9.169859e-12
1933.34	9.133860e-12
1934.67	9.098015e-12
1936.01	9.062323e-12
1937.34	9.026785e-12
1938.67	8.991398e-12
1940.01	8.956162e-12
1941.34	8.921077e-12
1942.68	8.886141e-12
1944.01	8.851354e-12
1945.35	8.816715e-12
1946.68	8.782224e-12
1948.01	8.747879e-12
1949.35	8.713681e-12
1950.68	8.679627e-12
1952.02	8.645718e-12
1953.35	8.611953e-12
1954.69	8.578331e-12
1956.02	8.544851e-12
1957.35	8.511513e-12
1958.69	8.478316e-12
1960.02	8.445260e-12
1961.36	8.412342e-12
1962.69	8.379564e-12
1964.03	8.346924e-12
1965.36	8.314422e-12
1966.69	8.282056e-12
1968.03	8.249827e-12
1969.36	8.217733e-12
1970.70	8.185774e-12
1972.03	8.153949e-12
1973.37	8.122258e-12
1974.70	8.090699e-12
1976.03	8.059273e-12
1977.37	8.027979e-12
1978.70	7.996815e-12
1980.04	7.965782e-12
1981.37	7.934879e-12
1982.70	7.904104e-12
1984.04	7.873458e-12
1985.37	7.842940e-12
1986.71	7.812549e-12
1988.04	7.782284e-12
1989.38	7.752146e-12
1990.71	7.722132e-12
1992.04	7.692244e-12
1993.38	7.662480e-12
1994.71	7.632839e-12
1996.05	7.603321e-12
1997.38	7.573925e-12
1998.72	7.544652e-12
2000.05	7.515499e-12
2001.38	7.486467e-12
2002.72	7.457555e-12
2004.05	7.428762e-12
2005.39	7.400088e-12
2006.72	7.371533e-12
2008.06	7.343095e-12
2009.39	7.314774e-12
2010.72	7.286570e-12
2012.06	7.258482e-12
2013.39	7.230510e-12
2014.73	7.202652e-12
2016.06	7.174909e-12
2017.40	7.147279e-12
2018.73	7.119763e-12
2020.06	7.092359e-12
2021.40	7.065068e-12
2022.73	7.037889e-12
2024.07	7.010820e-12
2025.40	6.983862e-12
2026.74	6.957014e-12
2028.07	6.930276e-12
2029.40	6.903647e-12
2030.74	6.877126e-12
2032.07	6.850714e-12
2033.41	6.824408e-12
2034.74	6.798210e-12
2036.08	6.772118e-12
2037.41	6.746133e-12
2038.74	6.720252e-12
2040.08	6.694477e-12
2041.41	6.668806e-12
2042.75	6.643239e-12
2044.08	6.617776e-12
2045.42	6.592416e-12
2046.75	6.567158e-12
2048.08	6.542002e-12
2049.42	6.516948e-12
2050.75	6.491995e-12
2052.09	6.467143e-12
2053.42	6.442390e-12
2054.75	6.417738e-12
2056.09	6.393184e-12
2057.42	6.368730e-12
2058.76	6.344373e-12
2060.09	6.320115e-12
2061.43	6.295953e-12
2062.76	6.271889e-12
2064.09	6.247921e-12
2065.43	6.224050e-12
2066.76	6.200273e-12
2068.10	6.176592e-12
2069.43	6.153006e-12
2070.77	6.129514e-12
2072.10	6.106115e-12
2073.43	6.082810e-12
2074.77	6.059598e-12
2076.10	6.036479e-12
2077.44	6.013451e-12
2078.77	5.990516e-12
2080.11	5.967671e-12
2081.44	5.944917e-12
2082.77	5.922254e-12
2084.11	5.899681e-12
2085.44	5.877197e-12
2086.78	5.854802e-12
2088.11	5.832496e-12
2089.45	5.810278e-12
2090.78	5.788149e-12
2092.11	5.766107e-12
2093.45	5.744152e-12
2094.78	5.722283e-12
2096.12	5.700501e-12
2097.45	5.678805e-12
2098.79	5.657195e-12
2100.12	5.635669e-12
2101.45	5.614229e-12
2102.79	5.592872e-12
2104.12	5.571600e-12
2105.46	5.550411e-12
2106.79	5.529306e-12
2108.13	5.508283e-12
2109.46	5.487343e-12
2110.79	5.466485e-12
2112.13	5.445709e-12
2113.46	5.425014e-12
2114.80	5.404399e-12
2116.13	5.383866e-12
2117.46	5.363413e-12
2118.80	5.343039e-12
2120.13	5.322746e-12
2121.47	5.302531e-12
2122.80	5.282395e-12
2124.14	5.262338e-12
2125.47	5.242358e-12
2126.80	5.222457e-12
2128.14	5.202633e-12
2129.47	5.182886e-12
2130.81	5.163215e-12
2132.14	5.143621e-12
2133.48	5.124103e-12
2134.81	5.104660e-12
2136.14	5.085293e-12
2137.48	5.066001e-12
2138.81	5.046784e-12
2140.15	5.027641e-12
2141.48	5.008571e-12
2142.82	4.989576e-12
2144.15	4.970654e-12
2145.48	4.951804e-12
2146.82	4.933028e-12
2148.15	4.914324e-12
2149.49	4.895692e-12
2150.82	4.877131e-12
2152.16	4.858642e-12
2153.49	4.840224e-12
2154.82	4.821877e-12
2156.16	4.803600e-12
2157.49	4.785393e-12
2158.83	4.767256e-12
2160.16	4.749189e-12
2161.50	4.731191e-12
2162.83	4.713262e-12
2164.16	4.695401e-12
2165.50	4.677608e-12
2166.83	4.659884e-12
2168.17	4.642227e-12
2169.50	4.624638e-12
2170.84	4.607115e-12
2172.17	4.589660e-12
2173.50	4.572271e-12
2174.84	4.554948e-12
2176.17	4.537691e-12
2177.51	4.520500e-12
2178.84	4.503374e-12
2180.17	4.486313e-12
2181.51	4.469317e-12
2182.84	4.452385e-12
2184.18	4.435518e-12
2185.51	4.418714e-12
2186.85	4.401974e-12
2188.18	4.385298e-12
2189.51	4.368684e-12
2190.85	4.352133e-12
2192.18	4.335645e-12
2193.52	4.319219e-12
2194.85	4.302855e-12
2196.19	4.286553e-12
2197.52	4.270312e-12
2198.85	4.254133e-12
2200.19	4.238014e-12
2201.52	4.221956e-12
2202.86	4.205959e-12
2204.19	4.190021e-12
2205.53	4.174144e-12
2206.86	4.158326e-12
2208.19	4.142567e-12
2209.53	4.126867e-12
2210.86	4.111227e-12
2212.20	4.095645e-12
2213.53	4.080121e-12
2214.87	4.064655e-12
2216.20	4.049247e-12
2217.53	4.033897e-12
2218.87	4.018604e-12
2220.20	4.003368e-12
2221.54	3.988189e-12
2222.87	3.973066e-12
2224.21	3.958000e-12
2225.54	3.942990e-12
2226.87	3.928036e-12
2228.21	3.913138e-12
2229.54	3.898295e-12
2230.88	3.883507e-12
2232.21	3.868774e-12
2233.55	3.854095e-12
2234.88	3.839471e-12
2236.21	3.824902e-12
2237.55	3.810386e-12
2238.88	3.795924e-12
2240.22	3.781516e-12
2241.55	3.767161e-12
2242.88	3.752859e-12
2244.22	3.738610e-12
2245.55	3.724413e-12
2246.89	3.710269e-12
2248.22	3.696177e-12
2249.56	3.682137e-12
2250.89	3.668149e-12
2252.22	3.654213e-12
2253.56	3.640327e-12
2254.89	3.626493e-12
2256.23	3.612709e-12
2257.56	3.598977e-12
2258.90	3.585294e-12
2260.23	3.571662e-12
2261.56	3.558080e-12
2262.90	3.544548e-12
2264.23	3.531065e-12
2265.57	3.517632e-12
2266.90	3.504248e-12
2268.24	3.490913e-12
2269.57	3.477627e-12
2270.90	3.464389e-12
2272.24	3.451200e-12
2273.57	3.438059e-12
2274.91	3.424965e-12
2276.24	3.411920e-12
2277.58	3.398922e-12
2278.91	3.385971e-12
2280.24	3.373068e-12
2281.58	3.360212e-12
2282.91	3.347402e-12
2284.25	3.334639e-12
2285.58	3.321922e-12
2286.92	3.309252e-12
2288.25	3.296627e-12
2289.58	3.284049e-12
2290.92	3.271516e-12
2292.25	3.259028e-12
2293.59	3.246586e-12
2294.92	3.234189e-12
2296.26	3.221836e-12
2297.59	3.209528e-12
2298.92	3.197265e-12
2300.26	3.185046e-12
2301.59	3.172872e-12
2302.93	3.160741e-12
2304.26	3.148654e-12
2305.60	3.136610e-12
2306.93	3.124610e-12
2308.26	3.112653e-12
2309.60	3.100740e-12
2310.93	3.088869e-12
2312.27	3.077041e-12
2313.60	3.065255e-12
2314.93	3.053512e-12
2316.27	3.041811e-12
2317.60	3.030151e-12
2318.94	3.018534e-12
2320.27	3.006959e-12
2321.61	2.995424e-12
2322.94	2.983932e-12
2324.27	2.972480e-12
2325.61	2.961070e-12
2326.94	2.949700e-12
2328.28	2.938371e-12
2329.61	2.927082e-12
2330.95	2.915834e-12
2332.28	2.904625e-12
2333.61	2.893457e-12
2334.95	2.882329e-12
2336.28	2.871240e-12
2337.62	2.860191e-12
2338.95	2.849182e-12
2340.29	2.838211e-12
2341.62	2.827279e-12
2342.95	2.816387e-12
2344.29	2.805533e-12
2345.62	2.794718e-12
2346.96	2.783941e-12
2348.29	2.773202e-12
2349.63	2.762501e-12
2350.96	2.751839e-12
2352.29	2.741214e-12
2353.63	2.730627e-12
2354.96	2.720077e-12
2356.30	2.709565e-12
2357.63	2.699090e-12
2358.97	2.688652e-12
2360.30	2.678251e-12
2361.63	2.667886e-12
2362.97	2.657559e-12
2364.30	2.647267e-12
2365.64	2.637012e-12
2366.97	2.626793e-12
2368.31	2.616610e-12
2369.64	2.606464e-12
2370.97	2.596352e-12
2372.31	2.586277e-12
2373.64	2.576237e-12
2374.98	2.566232e-12
2376.31	2.556262e-12
2377.64	2.546328e-12
2378.98	2.536428e-12
2380.31	2.526563e-12
2381.65	2.516733e-12
2382.98	2.506937e-12
2384.32	2.497175e-12
2385.65	2.487448e-12
2386.98	2.477755e-12
2388.32	2.468096e-12
2389.65	2.458470e-12
2390.99	2.448878e-12
2392.32	2.439320e-12
2393.66	2.429795e-12
2394.99	2.420304e-12
2396.32	2.410846e-12
2397.66	2.401420e-12
2398.99	2.392028e-12
2400.33	2.382668e-12
2401.66	2.373341e-12
2403.00	2.364046e-12
2404.33	2.354784e-12
2405.66	2.345554e-12
2407.00	2.336357e-12
2408.33	2.327191e-12
2409.67	2.318057e-12
2411.00	2.308955e-12
2412.34	2.299884e-12
2413.67	2.290845e-12
2415.00	2.281838e-12
2416.34	2.272862e-12
2417.67	2.263916e-12
2419.01	2.255002e-12
2420.34	2.246119e-12
2421.68	2.237267e-12
2423.01	2.228445e-12
2424.34	2.219654e-12
2425.68	2.210893e-12
2427.01	2.202162e-12
2428.35	2.193462e-12
2429.68	2.184792e-12
2431.02	2.176151e-12
2432.35	2.167541e-12
2433.68	2.158960e-12
2435.02	2.150409e-12
2436.35	2.141888e-12
2437.69	2.133395e-12
2439.02	2.124933e-12
2440.35	2.116499e-12
2441.69	2.108094e-12
2443.02	2.099718e-12
2444.36	2.091372e-12
2445.69	2.083053e-12
2447.03	2.074764e-12
2448.36	2.066503e-12
2449.69	2.058270e-12
2451.03	2.050066e-12
2452.36	2.041890e-12
2453.70	2.033742e-12
2455.03	2.025621e-12
2456.37	2.017529e-12
2457.70	2.009465e-12
2459.03	2.001428e-12
2460.37	1.993419e-12
2461.70	1.985437e-12
2463.04	1.977482e-12
2464.37	1.969555e-12
2465.71	1.961655e-12
2467.04	1.953782e-12
2468.37	1.945935e-12
2469.71	1.938116e-12
2471.04	1.930323e-12
2472.38	1.922557e-12
2473.71	1.914818e-12
2475.05	1.907105e-12
2476.38	1.899418e-12
2477.71	1.891758e-12
2479.05	1.884123e-12
2480.38	1.876515e-12
2481.72	1.868933e-12
2483.05	1.861376e-12
2484.39	1.853845e-12
2485.72	1.846340e-12
2487.05	1.838861e-12
2488.39	1.831406e-12
2489.72	1.823978e-12
2491.06	1.816574e-12
2492.39	1.809196e-12
2493.73	1.801843e-12
2495.06	1.794514e-12
2496.39	1.787211e-12
2497.73	1.779932e-12
2499.06	1.772679e-12
2500.40	1.765449e-12
2501.73	1.758245e-12
2503.06	1.751064e-12
2504.40	1.743908e-12
2505.73	1.736777e-12
2507.07	1.729669e-12
2508.40	1.722586e-12
2509.74	1.715527e-12
2511.07	1.708491e-12
2512.40	1.701479e-12
2513.74	1.694492e-12
2515.07	1.687527e-12
2516.41	1.680587e-12
2517.74	1.673669e-12
2519.08	1.666775e-12
2520.41	1.659905e-12
2521.74	1.653057e-12
2523.08	1.646233e-12
2524.41	1.639432e-12
2525.75	1.632654e-12
2527.08	1.625899e-12
2528.42	1.619166e-12
2529.75	1.612456e-12
2531.08	1.605769e-12
2532.42	1.599104e-12
2533.75	1.592462e-12
2535.09	1.585843e-12
2536.42	1.579245e-12
2537.76	1.572670e-12
2539.09	1.566117e-12
2540.42	1.559586e-12
2541.76	1.553077e-12
2543.09	1.546590e-12
2544.43	1.540124e-12
2545.76	1.533681e-12
2547.10	1.527259e-12
2548.43	1.520859e-12
2549.76	1.514480e-12
2551.10	1.508123e-12
2552.43	1.501787e-12
2553.77	1.495472e-12
2555.10	1.489179e-12
2556.44	1.482906e-12
2557.77	1.476655e-12
2559.10	1.470425e-12
2560.44	1.464216e-12
2561.77	1.458027e-12
2563.11	1.451859e-12
2564.44	1.445712e-12
2565.78	1.439586e-12
2567.11	1.433480e-12
2568.44	1.427395e-12
2569.78	1.421330e-12
2571.11	1.415285e-12
2572.45	1.409261e-12
2573.78	1.403257e-12
2575.11	1.397273e-12
2576.45	1.391309e-12
2577.78	1.385365e-12
2579.12	1.379440e-12
2580.45	1.373536e-12
2581.79	1.367652e-12
2583.12	1.361787e-12
2584.45	1.355942e-12
2585.79	1.350116e-12
2587.12	1.344310e-12
2588.46	1.338523e-12
2589.79	1.332756e-12
2591.13	1.327008e-12
2592.46	1.321279e-12
2593.79	1.315569e-12
2595.13	1.309879e-12
2596.46	1.304207e-12
2597.80	1.298554e-12
2599.13	1.292921e-12
2600.47	1.287306e-12
2601.80	1.281710e-12
2603.13	1.276132e-12
2604.47	1.270573e-12
2605.80	1.265033e-12
2607.14	1.259512e-12
2608.47	1.254008e-12
2609.81	1.248523e-12
2611.14	1.243057e-12
2612.47	1.237609e-12
2613.81	1.232178e-12
2615.14	1.226766e-12
2616.48	1.221373e-12
2617.81	1.215997e-12
2619.15	1.210639e-12
2620.48	1.205299e-12
2621.81	1.199976e-12
2623.15	1.194672e-12
2624.48	1.189385e-12
2625.82	1.184116e-12
2627.15	1.178865e-12
2628.49	1.173631e-12
2629.82	1.168414e-12
2631.15	1.163215e-12
2632.49	1.158033e-12
2633.82	1.152869e-12
2635.16	1.147722e-12
2636.49	1.142592e-12
2637.82	1.137479e-12
2639.16	1.132383e-12
2640.49	1.127304e-12
2641.83	1.122242e-12
2643.16	1.117197e-12
2644.50	1.112169e-12
2645.83	1.107157e-12
2647.16	1.102163e-12
2648.50	1.097185e-12
2649.83	1.092223e-12
2651.17	1.087279e-12
2652.50	1.082350e-12
2653.84	1.077438e-12
2655.17	1.072543e-12
2656.50	1.067664e-12
2657.84	1.062801e-12
2659.17	1.057954e-12
2660.51	1.053124e-12
2661.84	1.048310e-12
2663.18	1.043511e-12
2664.51	1.038729e-12
2665.84	1.033963e-12
2667.18	1.029213e-12
2668.51	1.024478e-12
2669.85	1.019760e-12
2671.18	1.015057e-12
2672.52	1.010370e-12
2673.85	1.005698e-12
2675.18	1.001043e-12
2676.52	9.964023e-13
2677.85	9.917776e-13
2679.19	9.871683e-13
2680.52	9.825744e-13
2681.86	9.779959e-13
2683.19	9.734327e-13
2684.52	9.688847e-13
2685.86	9.643520e-13
2687.19	9.598345e-13
2688.53	9.553321e-13
2689.86	9.508447e-13
2691.20	9.463724e-13
2692.53	9.419150e-13
2693.86	9.374726e-13
2695.20	9.330451e-13
2696.53	9.286323e-13
2697.87	9.242344e-13
2699.20	9.198513e-13
2700.53	9.154828e-13
2701.87	9.111289e-13
2703.20	9.067897e-13
2704.54	9.024650e-13
2705.87	8.981549e-13
2707.21	8.938592e-13
2708.54	8.895779e-13
2709.87	8.853110e-13
2711.21	8.810584e-13
2712.54	8.768201e-13
2713.88	8.725961e-13
2715.21	8.683863e-13
2716.55	8.641906e-13
2717.88	8.600090e-13
2719.21	8.558415e-13
2720.55	8.516880e-13
2721.88	8.475485e-13
2723.22	8.434229e-13
2724.55	8.393112e-13
2725.89	8.352134e-13
2727.22	8.311294e-13
2728.55	8.270591e-13
2729.89	8.230026e-13
2731.22	8.189598e-13
2732.56	8.149306e-13
2733.89	8.109150e-13
2735.23	8.069129e-13
2736.56	8.029244e-13
2737.89	7.989494e-13
2739.23	7.949877e-13
2740.56	7.910395e-13
2741.90	7.871047e-13
2743.23	7.831831e-13
2744.57	7.792749e-13
2745.90	7.753799e-13
2747.23	7.714980e-13
2748.57	7.676293e-13
2749.90	7.637738e-13
2751.24	7.599313e-13
2752.57	7.561019e-13
2753.91	7.522854e-13
2755.24	7.484820e-13
2756.57	7.446914e-13
2757.91	7.409138e-13
2759.24	7.371490e-13
2760.58	7.333970e-13
2761.91	7.296577e-13
2763.24	7.259312e-13
2764.58	7.222175e-13
2765.91	7.185163e-13
2767.25	7.148278e-13
2768.58	7.111519e-13
2769.92	7.074885e-13
2771.25	7.038377e-13
2772.58	7.001993e-13
2773.92	6.965734e-13
2775.25	6.929599e-13
2776.59	6.893587e-13
2777.92	6.857699e-13
2779.26	6.821934e-13
2780.59	6.786292e-13
2781.92	6.750772e-13
2783.26	6.715374e-13
2784.59	6.680097e-13
2785.93	6.644942e-13
2787.26	6.609907e-13
2788.60	6.574994e-13
2789.93	6.540200e-13
2791.26	6.505526e-13
2792.60	6.470972e-13
2793.93	6.436537e-13
2795.27	6.402222e-13
2796.60	6.368024e-13
2797.94	6.333945e-13
2799.27	6.299984e-13
2800.60	6.266140e-13
2801.94	6.232414e-13
2803.27	6.198804e-13
2804.61	6.165312e-13
2805.94	6.131935e-13
2807.28	6.098674e-13
2808.61	6.065529e-13
2809.94	6.032500e-13
2811.28	5.999585e-13
2812.61	5.966785e-13
2813.95	5.934100e-13
2815.28	5.901528e-13
2816.62	5.869071e-13
2817.95	5.836726e-13
2819.28	5.804495e-13
2820.62	5.772377e-13
2821.95	5.740372e-13
2823.29	5.708478e-13
2824.62	5.676697e-13
2825.96	5.645027e-13
2827.29	5.613468e-13
2828.62	5.582021e-13
2829.96	5.550684e-13
2831.29	5.519458e-13
2832.63	5.488342e-13
2833.96	5.457336e-13
2835.29	5.426440e-13
2836.63	5.395652e-13
2837.96	5.364975e-13
2839.30	5.334405e-13
2840.63	5.303944e-13
2841.97	5.273591e-13
2843.30	5.243347e-13
2844.63	5.213209e-13
2845.97	5.183180e-13
2847.30	5.153257e-13
2848.64	5.123441e-13
2849.97	5.093731e-13
2851.31	5.064128e-13
2852.64	5.034631e-13
2853.97	5.005239e-13
2855.31	4.975953e-13
2856.64	4.946772e-13
2857.98	4.917696e-13
2859.31	4.888725e-13
2860.65	4.859858e-13
2861.98	4.831095e-13
2863.31	4.802436e-13
2864.65	4.773881e-13
2865.98	4.745429e-13
2867.32	4.717080e-13
2868.65	4.688834e-13
2869.99	4.660691e-13
2871.32	4.632650e-13
2872.65	4.604711e-13
2873.99	4.576874e-13
2875.32	4.549138e-13
2876.66	4.521504e-13
2877.99	4.493971e-13
2879.33	4.466539e-13
2880.66	4.439207e-13
2881.99	4.411976e-13
2883.33	4.384845e-13
2884.66	4.357814e-13
2886.00	4.330883e-13
2887.33	4.304051e-13
2888.67	4.277318e-13
2890.00	4.250684e-13
2891.33	4.224149e-13
2892.67	4.197712e-13
2894.00	4.171374e-13
2895.34	4.145134e-13
2896.67	4.118991e-13
2898.00	4.092946e-13
2899.34	4.066999e-13
2900.67	4.041148e-13
2902.01	4.015395e-13
2903.34	3.989738e-13
2904.68	3.964178e-13
2906.01	3.938714e-13
2907.34	3.913346e-13
2908.68	3.888074e-13
2910.01	3.862897e-13
2911.35	3.837816e-13
2912.68	3.812830e-13
2914.02	3.787940e-13
2915.35	3.763143e-13
2916.68	3.738442e-13
2918.02	3.713835e-13
2919.35	3.689322e-13
2920.69	3.664902e-13
2922.02	3.640577e-13
2923.36	3.616345e-13
2924.69	3.592207e-13
2926.02	3.568161e-13
2927.36	3.544209e-13
2928.69	3.520349e-13
2930.03	3.496582e-13
2931.36	3.472907e-13
2932.70	3.449324e-13
2934.03	3.425833e-13
2935.36	3.402435e-13
2936.70	3.379127e-13
2938.03	3.355911e-13
2939.37	3.332786e-13
2940.70	3.309752e-13
2942.04	3.286809e-13
2943.37	3.263957e-13
2944.70	3.241195e-13
2946.04	3.218523e-13
2947.37	3.195942e-13
2948.71	3.173450e-13
2950.04	3.151048e-13
2951.38	3.128736e-13
2952.71	3.106513e-13
2954.04	3.084379e-13
2955.38	3.062334e-13
2956.71	3.040378e-13
2958.05	3.018510e-13
2959.38	2.996732e-13
2960.71	2.975041e-13
2962.05	2.953439e-13
2963.38	2.931924e-13
2964.72	2.910498e-13
2966.05	2.889159e-13
2967.39	2.867907e-13
2968.72	2.846743e-13
2970.05	2.825666e-13
2971.39	2.804676e-13
2972.72	2.783773e-13
2974.06	2.762956e-13
2975.39	2.742226e-13
2976.73	2.721582e-13
2978.06	2.701025e-13
2979.39	2.680553e-13
2980.73	2.660168e-13
2982.06	2.639868e-13
2983.40	2.619654e-13
2984.73	2.599525e-13
2986.07	2.579481e-13
2987.40	2.559522e-13
2988.73	2.539649e-13
2990.07	2.519860e-13
2991.40	2.500156e-13
2992.74	2.480537e-13
2994.07	2.461002e-13
2995.41	2.441551e-13
2996.74	2.422184e-13
2998.07	2.402901e-13
2999.41	2.383702e-13
3000.74	2.364587e-13
3002.08	2.345555e-13
3003.41	2.326606e-13
3004.75	2.307741e-13
3006.08	2.288959e-13
3007.41	2.270260e-13
3008.75	2.251644e-13
3010.08	2.233111e-13
3011.42	2.214660e-13
3012.75	2.196291e-13
3014.09	2.178005e-13
3015.42	2.159801e-13
3016.75	2.141680e-13
3018.09	2.123640e-13
3019.42	2.105682e-13
3020.76	2.087805e-13
3022.09	2.070011e-13
3023.42	2.052297e-13
3024.76	2.034665e-13
3026.09	2.017115e-13
3027.43	1.999645e-13
3028.76	1.982256e-13
3030.10	1.964948e-13
3031.43	1.947721e-13
3032.76	1.930575e-13
3034.10	1.913509e-13
3035.43	1.896523e-13
3036.77	1.879618e-13
3038.10	1.862792e-13
3039.44	1.846047e-13
3040.77	1.829382e-13
3042.10	1.812797e-13
3043.44	1.796291e-13
3044.77	1.779865e-13
3046.11	1.763519e-13
3047.44	1.747251e-13
3048.78	1.731064e-13
3050.11	1.714955e-13
3051.44	1.698925e-13
3052.78	1.682975e-13
3054.11	1.667103e-13
3055.45	1.651310e-13
3056.78	1.635596e-13
3058.12	1.619961e-13
3059.45	1.604404e-13
3060.78	1.588925e-13
3062.12	1.573525e-13
3063.45	1.558203e-13
3064.79	1.542959e-13
3066.12	1.527793e-13
3067.46	1.512705e-13
3068.79	1.497694e-13
3070.12	1.482762e-13
3071.46	1.467907e-13
3072.79	1.453130e-13
3074.13	1.438430e-13
3075.46	1.423808e-13
3076.80	1.409263e-13
3078.13	1.394795e-13
3079.46	1.380405e-13
3080.80	1.366091e-13
3082.13	1.351855e-13
3083.47	1.337695e-13
3084.80	1.323612e-13
3086.14	1.309606e-13
3087.47	1.295677e-13
3088.80	1.281824e-13
3090.14	1.268048e-13
3091.47	1.254348e-13
3092.81	1.240725e-13
3094.14	1.227178e-13
3095.47	1.213707e-13
3096.81	1.200312e-13
3098.14	1.186994e-13
3099.48	1.173751e-13
3100.81	1.160585e-13
3102.15	1.147494e-13
3103.48	1.134479e-13
3104.81	1.121540e-13
3106.15	1.108676e-13
3107.48	1.095889e-13
3108.82	1.083176e-13
3110.15	1.070540e-13
3111.49	1.057978e-13
3112.82	1.045492e-13
3114.15	1.033082e-13
3115.49	1.020746e-13
3116.82	1.008486e-13
3118.16	9.963010e-14
3119.49	9.841911e-14
3120.83	9.721562e-14
3122.16	9.601962e-14
3123.49	9.483112e-14
3124.83	9.365011e-14
3126.16	9.247658e-14
3127.50	9.131053e-14
3128.83	9.015195e-14
3130.17	8.900084e-14
3131.50	8.785719e-14
3132.83	8.672100e-14
3134.17	8.559226e-14
3135.50	8.447096e-14
3136.84	8.335713e-14
3138.17	8.225072e-14
3139.51	8.115176e-14
3140.84	8.006022e-14
3142.17	7.897612e-14
3143.51	7.789943e-14
3144.84	7.683017e-14
3146.18	7.576832e-14
3147.51	7.471389e-14
3148.85	7.366686e-14
3150.18	7.262724e-14
3151.51	7.159502e-14
3152.85	7.057020e-14
3154.18	6.955277e-14
3155.52	6.854274e-14
3156.85	6.754010e-14
3158.18	6.654484e-14
3159.52	6.555697e-14
3160.85	6.457647e-14
3162.19	6.360336e-14
3163.52	6.263761e-14
3164.86	6.167924e-14
3166.19	6.072824e-14
3167.52	5.978462e-14
3168.86	5.884834e-14
3170.19	5.791945e-14
3171.53	5.699789e-14
3172.86	5.608371e-14
3174.20	5.517688e-14
3175.53	5.427741e-14
3176.86	5.338529e-14
3178.20	5.250052e-14
3179.53	5.162310e-14
3180.87	5.075304e-14
3182.20	4.989031e-14
3183.54	4.903494e-14
3184.87	4.818691e-14
3186.20	4.734622e-14
3187.54	4.651287e-14
3188.87	4.568687e-14
3190.21	4.486820e-14
3191.54	4.405688e-14
3192.88	4.325289e-14
3194.21	4.245624e-14
3195.54	4.166694e-14
3196.88	4.088496e-14
3198.21	4.011033e-14
3199.55	3.934303e-14
3200.88	3.858307e-14
3202.22	3.783044e-14
3203.55	3.708516e-14
3204.88	3.634721e-14
3206.22	3.561659e-14
3207.55	3.489331e-14
3208.89	3.417737e-14
3210.22	3.346877e-14
3211.56	3.276751e-14
3212.89	3.207358e-14
3214.22	3.138700e-14
3215.56	3.070775e-14
3216.89	3.003585e-14
3218.23	2.937129e-14
3219.56	2.871407e-14
3220.89	2.806420e-14
3222.23	2.742168e-14
3223.56	2.678650e-14
3224.90	2.615867e-14
3226.23	2.553819e-14
3227.57	2.492506e-14
3228.90	2.431928e-14
3230.23	2.372087e-14
3231.57	2.312980e-14
3232.90	2.254610e-14
3234.24	2.196976e-14
3235.57	2.140078e-14
3236.91	2.083916e-14
3238.24	2.028492e-14
3239.57	1.973805e-14
3240.91	1.919855e-14
3242.24	1.866642e-14
3243.58	1.814167e-14
3244.91	1.762430e-14
3246.25	1.711432e-14
3247.58	1.661172e-14
3248.91	1.611652e-14
3250.25	1.562870e-14
3251.58	1.514829e-14
3252.92	1.467527e-14
3254.25	1.420965e-14
3255.59	1.375144e-14
3256.92	1.330064e-14
3258.25	1.285726e-14
3259.59	1.242129e-14
3260.92	1.199275e-14
3262.26	1.157162e-14
3263.59	1.115793e-14
3264.93	1.075167e-14
3266.26	1.035285e-14
3267.59	9.961474e-15
3268.93	9.577542e-15
3270.26	9.201061e-15
3271.60	8.832037e-15
3272.93	8.470470e-15
3274.27	8.116371e-15
3275.60	7.769741e-15
3276.93	7.430586e-15
3278.27	7.098911e-15
3279.60	6.774721e-15
3280.94	6.458020e-15
3282.27	6.148817e-15
3283.60	5.847114e-15
3284.94	5.552919e-15
3286.27	5.266235e-15
3287.61	4.987070e-15
3288.94	4.715429e-15
3290.28	4.451318e-15
3291.61	4.194741e-15
3292.94	3.945709e-15
3294.28	3.704223e-15
3295.61	3.470291e-15
3296.95	3.243922e-15
3298.28	3.025118e-15
3299.62	2.813889e-15
3300.95	2.610241e-15
3302.28	2.414179e-15
3303.62	2.225713e-15
3304.95	2.044846e-15
3306.29	1.871588e-15
3307.62	1.705946e-15
3308.96	1.547927e-15
3310.29	1.397536e-15
3311.62	1.254784e-15
3312.96	1.119676e-15
3314.29	9.922210e-16
3315.63	8.724261e-16
3316.96	7.602991e-16
3318.30	6.558487e-16
3319.63	5.590816e-16
3320.96	4.700072e-16
3322.30	3.886330e-16
3323.63	3.149674e-16
3324.97	2.490189e-16
3326.30	1.907960e-16
3327.64	1.403074e-16
3328.97	9.756171e-17
3330.30	6.256778e-17
3331.64	3.533440e-17
3332.97	1.587083e-17
3334.31	4.185913e-18
3335.64	2.889062e-19
